"subject" "activity" "activity_label" "tBodyAccMag-mean()" "tBodyAccMag-std()" "tGravityAccMag-mean()" "tGravityAccMag-std()" "tBodyAccJerkMag-mean()" "tBodyAccJerkMag-std()" "tBodyGyroMag-mean()" "tBodyGyroMag-std()" "tBodyGyroJerkMag-mean()" "tBodyGyroJerkMag-std()" "fBodyAccMag-mean()" "fBodyAccMag-std()" "fBodyBodyAccJerkMag-mean()" "fBodyBodyAccJerkMag-std()" "fBodyBodyGyroMag-mean()" "fBodyBodyGyroMag-std()" "fBodyBodyGyroJerkMag-mean()" "fBodyBodyGyroJerkMag-std()"
1 1 "WALKING" -0.21992152 -0.21123385 -0.21992152 -0.21123385 -0.17565121 -0.045652965 -0.18772916 -0.19339177 -0.28215126 -0.28498564 -0.16742384 -0.35949476 -0.044648297 -0.053202562 -0.19027357 -0.33749684 -0.30149148 -0.31355105
1 2 "WALKING_UPSTAIRS" -0.14179601 -0.24352603 -0.14179601 -0.24352603 -0.48700596 -0.42421175 -0.13508638 -0.20849725 -0.59684938 -0.66919698 -0.30826339 -0.32680477 -0.41507628 -0.43954436 -0.36570104 -0.24282164 -0.66954663 -0.69201372
1 3 "WALKING_DOWNSTAIRS" 0.0070920245 -0.037415797 0.0070920245 -0.037415797 -0.10403972 0.086988496 -0.13356154 -0.34962266 -0.28780687 -0.22044868 0.029992653 -0.22721307 0.1552484 -0.015281472 -0.20798475 -0.60715758 -0.18826851 -0.3223018
1 4 "SITTING" -0.98908857 -0.99246581 -0.98908857 -0.99246581 -0.99346153 -0.99208943 -0.98713799 -0.94684439 -0.99519522 -0.98748 -0.99363329 -0.99182712 -0.99184069 -0.99094029 -0.94126546 -0.96101214 -0.98908456 -0.98587585
1 5 "STANDING" -0.99767632 -0.99679782 -0.99767632 -0.99679782 -0.9961445 -0.99594761 -0.99357045 -0.99175226 -0.99737446 -0.99875583 -0.99645498 -0.99673334 -0.99517004 -0.99605427 -0.99305041 -0.99200935 -0.9984768 -0.99901349
1 6 "LAYING" -0.8716271 -0.80367303 -0.8716271 -0.80367303 -0.99032317 -0.99078066 -0.94897412 -0.9665803 -0.99312553 -0.991068 -0.85175682 -0.81023632 -0.98937615 -0.9916852 -0.97517385 -0.96655145 -0.99064043 -0.99196341
2 1 "WALKING" -0.36436542 -0.42844073 -0.36436542 -0.42844073 -0.32205097 -0.062622966 -0.50405947 -0.56612268 -0.54166287 -0.46016945 -0.35018188 -0.56646468 -0.13964576 0.020950755 -0.52025914 -0.68313284 -0.48571849 -0.46488233
2 2 "WALKING_UPSTAIRS" -0.15199134 -0.21775806 -0.15199134 -0.21775806 -0.30250936 -0.16887868 -0.31186725 -0.47999984 -0.53923339 -0.52273916 -0.15958425 -0.37325925 -0.11697266 -0.24629526 -0.46088027 -0.5870545 -0.57074142 -0.49800598
2 3 "WALKING_DOWNSTAIRS" 0.16349347 0.2556843 0.16349347 0.2556843 0.10427448 0.25878987 -0.18361519 -0.25498781 -0.20750712 -0.14006455 0.3576387 -0.0010427611 0.29317559 0.20738603 -0.22857015 -0.40737002 -0.22424278 -0.098111018
2 4 "SITTING" -0.98426101 -0.98541729 -0.98426101 -0.98541729 -0.98848675 -0.98863537 -0.9843081 -0.97980246 -0.99148733 -0.98915297 -0.98378961 -0.98782781 -0.98707413 -0.98986558 -0.98142321 -0.98189938 -0.98935881 -0.98911204
2 5 "STANDING" -0.99153285 -0.98008077 -0.99153285 -0.98008077 -0.99214121 -0.98513668 -0.97248141 -0.91271755 -0.98805069 -0.97626846 -0.97696766 -0.98439214 -0.98350261 -0.98608092 -0.92899912 -0.91672513 -0.97828577 -0.97488753
2 6 "LAYING" -0.99601432 -0.99056493 -0.99601432 -0.99056493 -0.99127894 -0.98758989 -0.98968321 -0.94381485 -0.99187523 -0.97185473 -0.98760766 -0.99341214 -0.98771479 -0.98588511 -0.94130801 -0.95563844 -0.97189652 -0.9733666
3 1 "WALKING" -0.29481277 -0.3624818 -0.29481277 -0.3624818 -0.29405279 -0.15862293 -0.47126934 -0.59014622 -0.58213129 -0.56408639 -0.30904958 -0.49347682 -0.20639557 -0.10506232 -0.60833852 -0.64809269 -0.62812892 -0.52000662
3 2 "WALKING_UPSTAIRS" -0.26688199 -0.43027808 -0.26688199 -0.43027808 -0.51397183 -0.44484099 -0.33958523 -0.47530997 -0.66269371 -0.68978835 -0.43349695 -0.51651446 -0.41312115 -0.49046825 -0.55889379 -0.50973893 -0.71440144 -0.67963642
3 3 "WALKING_DOWNSTAIRS" 0.12525688 0.0237466 0.12525688 0.0237466 -0.03595721 -0.025785732 -0.20534192 -0.28528091 -0.40315075 -0.53454895 0.065172888 -0.15959731 0.059504436 -0.15410257 -0.27542743 -0.41873469 -0.50066779 -0.61740641
3 4 "SITTING" -0.81276379 -0.79622284 -0.81276379 -0.79622284 -0.95169098 -0.95649641 -0.86002543 -0.83680582 -0.95532995 -0.967471 -0.87542893 -0.79295792 -0.95269584 -0.96078057 -0.89646638 -0.83041586 -0.96561951 -0.97216087
3 5 "STANDING" -0.9642833 -0.97761407 -0.9642833 -0.97761407 -0.98682527 -0.98977325 -0.94138119 -0.92607915 -0.98228938 -0.98038532 -0.98141386 -0.97771182 -0.98939869 -0.98886608 -0.94917489 -0.9245779 -0.98215821 -0.97905628
3 6 "LAYING" -0.98701981 -0.97982283 -0.98701981 -0.97982283 -0.99207197 -0.98713239 -0.97920856 -0.96344603 -0.99156278 -0.98648065 -0.98280987 -0.98002721 -0.98577727 -0.98789204 -0.96322298 -0.9698619 -0.98690732 -0.98640902
4 1 "WALKING" -0.33093904 -0.55769965 -0.33093904 -0.55769965 -0.39033299 -0.35993461 -0.47191745 -0.40995112 -0.67639619 -0.74775804 -0.44077707 -0.70978883 -0.37003703 -0.34889863 -0.55282451 -0.42178756 -0.73485987 -0.78430716
4 2 "WALKING_UPSTAIRS" -0.11982243 -0.16765603 -0.11982243 -0.16765603 -0.29986282 -0.3187626 -0.25905246 -0.49596127 -0.63865802 -0.74668982 -0.22259483 -0.26747808 -0.20722859 -0.50060908 -0.52963001 -0.55909754 -0.71060382 -0.82423159
4 3 "WALKING_DOWNSTAIRS" 0.18977386 0.095448289 0.18977386 0.095448289 0.03841332 -0.049535324 -0.20600183 -0.20789604 -0.41456017 -0.45491238 0.19076857 -0.13272902 0.063452971 -0.21681572 -0.21440377 -0.34114522 -0.43970662 -0.51175473
4 4 "SITTING" -0.88047011 -0.88383524 -0.88047011 -0.88383524 -0.93668169 -0.91104197 -0.88279454 -0.86901972 -0.96070167 -0.9565858 -0.9022407 -0.89123823 -0.91792893 -0.9014335 -0.89434361 -0.87471486 -0.96013756 -0.95473298
4 5 "STANDING" -0.95951207 -0.95483387 -0.95951207 -0.95483387 -0.98592761 -0.98740667 -0.95491207 -0.86996186 -0.98717692 -0.96897331 -0.9678384 -0.95407266 -0.98672117 -0.98702718 -0.87409116 -0.88937007 -0.97180009 -0.96713248
4 6 "LAYING" -0.99474216 -0.99520384 -0.99474216 -0.99520384 -0.99114192 -0.99231706 -0.97793981 -0.98170784 -0.99602087 -0.99600617 -0.99370805 -0.99632563 -0.99094154 -0.99334481 -0.98763157 -0.98084819 -0.99596417 -0.99596312
5 1 "WALKING" -0.1821276 -0.39640251 -0.1821276 -0.39640251 -0.25095567 -0.25335639 -0.32021256 -0.48118953 -0.41479079 -0.41177179 -0.29562295 -0.55546461 -0.26409091 -0.2447995 -0.42171852 -0.62534597 -0.48019932 -0.37146971
5 2 "WALKING_UPSTAIRS" 0.045406374 0.078918577 0.045406374 0.078918577 -0.15742191 -0.16801399 -0.20471241 -0.3207304 -0.3896853 -0.46879165 -0.031025962 -0.031977175 -0.11095196 -0.25220632 -0.3463039 -0.42020937 -0.52487312 -0.43839417
5 3 "WALKING_DOWNSTAIRS" 0.19057908 0.19667901 0.19057908 0.19667901 -0.094138314 -0.074282242 -0.27600069 -0.49105182 -0.4617835 -0.55049332 0.1495441 0.035984516 -0.040352358 -0.12498896 -0.47719064 -0.59165964 -0.56054139 -0.56864899
5 4 "SITTING" -0.98806498 -0.98834128 -0.98806498 -0.98834128 -0.9860117 -0.98994561 -0.98757511 -0.98824829 -0.98944009 -0.99046415 -0.98593923 -0.9910519 -0.98988632 -0.9885629 -0.98795232 -0.99039682 -0.99016026 -0.99118899
5 5 "STANDING" -0.85883887 -0.66074822 -0.85883887 -0.66074822 -0.96388891 -0.94935067 -0.82090164 -0.53253219 -0.95873514 -0.93068823 -0.71257578 -0.68648275 -0.9574437 -0.93839237 -0.65849232 -0.53538438 -0.94872293 -0.91605972
5 6 "LAYING" -0.97882672 -0.97838935 -0.97882672 -0.97838935 -0.97913164 -0.97843333 -0.98119738 -0.97618653 -0.98535103 -0.98507584 -0.9805523 -0.9792978 -0.97896752 -0.97617062 -0.97751913 -0.97912885 -0.98560237 -0.98490071
6 1 "WALKING" -0.1640466 -0.11062133 -0.1640466 -0.11062133 -0.086134137 0.12472424 -0.22779223 -0.17679675 -0.14200278 -0.13364113 0.089131854 -0.38596197 0.23730198 -0.03953675 -0.069955305 -0.41843807 -0.098887162 -0.24531118
6 2 "WALKING_UPSTAIRS" -0.038768855 -0.15394991 -0.038768855 -0.15394991 -0.24326344 -0.20500861 -0.23583416 -0.16644026 -0.28893354 -0.36504946 -0.15462602 -0.28489986 -0.21969297 -0.19102852 -0.16884809 -0.31089989 -0.39376692 -0.37201719
6 3 "WALKING_DOWNSTAIRS" 0.45544185 0.45312682 0.45544185 0.45312682 0.20085727 0.42482802 0.10383893 0.0056983886 0.051878558 0.15254909 0.50806862 0.19474234 0.40346034 0.45138258 0.064808278 -0.22102603 0.057213645 0.18863563
6 4 "SITTING" -0.96899876 -0.98069214 -0.96899876 -0.98069214 -0.9733235 -0.97975709 -0.97298597 -0.97792259 -0.97646318 -0.98238503 -0.97650488 -0.98581074 -0.97697822 -0.98253646 -0.97540023 -0.98388319 -0.97972454 -0.98786436
6 5 "STANDING" -0.97345366 -0.94130081 -0.97345366 -0.94130081 -0.97840808 -0.96983508 -0.9248754 -0.69112294 -0.97086123 -0.94596374 -0.93467006 -0.95364699 -0.97402242 -0.9630702 -0.72224076 -0.7225048 -0.95576388 -0.938125
6 6 "LAYING" -0.96534183 -0.94504564 -0.96534183 -0.94504564 -0.96643883 -0.94344069 -0.95413104 -0.90975133 -0.96840918 -0.95289374 -0.94095166 -0.95504347 -0.94324426 -0.94244545 -0.92677587 -0.91380312 -0.95713191 -0.95048134
7 1 "WALKING" -0.040417832 -0.035724318 -0.040417832 -0.035724318 -0.099704494 0.14502363 -0.18103096 -0.11380329 -0.20170471 -0.023826413 0.070166253 -0.25107081 0.19351541 0.071187758 -0.069349194 -0.30643015 -0.06931078 -0.034406598
7 2 "WALKING_UPSTAIRS" -0.25990598 -0.33703925 -0.25990598 -0.33703925 -0.4721416 -0.50654722 -0.29332593 -0.47794238 -0.67215948 -0.72811767 -0.34495671 -0.43524999 -0.48410939 -0.53960677 -0.58488453 -0.49840194 -0.71742157 -0.76144581
7 3 "WALKING_DOWNSTAIRS" 0.039943309 0.21876894 0.039943309 0.21876894 -0.13005792 0.14025113 -0.15461455 -0.19614834 -0.3529996 -0.15542925 0.30876482 -0.024486183 0.093602218 0.1889462 -0.22469072 -0.31480253 -0.17950915 -0.18232301
7 4 "SITTING" -0.99081563 -0.99045926 -0.99081563 -0.99045926 -0.99126118 -0.99228656 -0.98456697 -0.98824927 -0.99537935 -0.99548772 -0.98940687 -0.99176679 -0.99092042 -0.99322972 -0.98999095 -0.98880236 -0.99520634 -0.995881
7 5 "STANDING" -0.97933582 -0.96651439 -0.97933582 -0.96651439 -0.98557019 -0.96609542 -0.98416918 -0.97340842 -0.99049819 -0.97936399 -0.96417878 -0.97213282 -0.9679316 -0.96219749 -0.97693889 -0.97528756 -0.9807947 -0.97851546
7 6 "LAYING" -0.94866508 -0.93687397 -0.94866508 -0.93687397 -0.97879209 -0.96920011 -0.95611953 -0.91341447 -0.980185 -0.96179655 -0.95689438 -0.93584723 -0.96965555 -0.96706328 -0.93575012 -0.91404142 -0.9644946 -0.96060534
8 1 "WALKING" 0.027566398 -0.21367436 0.027566398 -0.21367436 -0.11998692 -0.29396624 -0.13463585 -0.36531641 -0.41007775 -0.56498614 -0.12274679 -0.39215337 -0.22410115 -0.39978798 -0.43864177 -0.42409133 -0.54784623 -0.61909086
8 2 "WALKING_UPSTAIRS" 0.11838541 -0.31229268 0.11838541 -0.31229268 -0.20988844 -0.37279382 0.15780934 -0.21122114 -0.50210536 -0.62010642 -0.32771033 -0.41024914 -0.32166994 -0.44885813 -0.36077064 -0.24918673 -0.58873443 -0.69480185
8 3 "WALKING_DOWNSTAIRS" 0.20748793 0.02024657 0.20748793 0.02024657 0.28485939 0.041289786 -0.017977431 -0.28138228 -0.23398852 -0.41379912 0.14506403 -0.21582298 0.15276023 -0.1264231 -0.32975403 -0.37130947 -0.41472059 -0.45299713
8 4 "SITTING" -0.93438303 -0.90353643 -0.93438303 -0.90353643 -0.92858496 -0.8841 -0.92913212 -0.88985141 -0.93943847 -0.89980114 -0.90848805 -0.91461586 -0.88848243 -0.87776249 -0.89630438 -0.90405892 -0.909432 -0.89462457
8 5 "STANDING" -0.99728259 -0.99225324 -0.99728259 -0.99225324 -0.98913777 -0.98269745 -0.99480299 -0.98383011 -0.99533385 -0.98555021 -0.98978945 -0.99467002 -0.98172869 -0.98266228 -0.98670383 -0.98437993 -0.98642052 -0.98495545
8 6 "LAYING" -0.93894978 -0.93418703 -0.93894978 -0.93418703 -0.99369975 -0.99529874 -0.95047334 -0.94209579 -0.99247128 -0.99050765 -0.9728085 -0.92767542 -0.99431213 -0.99541856 -0.96711942 -0.93786821 -0.99023439 -0.99110631
9 1 "WALKING" -0.054271963 -0.21763444 -0.054271963 -0.21763444 -0.11294947 -0.17604748 -0.23772913 -0.39177578 -0.37453236 -0.41232203 -0.15529597 -0.37641097 -0.17541928 -0.18000558 -0.42442878 -0.4737887 -0.4139719 -0.45180786
9 2 "WALKING_UPSTAIRS" -0.2092223 -0.27059491 -0.2092223 -0.27059491 -0.38472801 -0.4692087 -0.0039455746 -0.37498822 -0.62026164 -0.6922122 -0.28915113 -0.37344038 -0.44137626 -0.50954632 -0.55217986 -0.37482795 -0.67717779 -0.73578773
9 3 "WALKING_DOWNSTAIRS" 0.33077988 0.3858544 0.33077988 0.3858544 -0.02070047 0.17455877 -0.13932566 -0.36837502 -0.38576646 -0.49400966 0.088505121 0.31071496 -0.017678537 0.37605309 -0.35117011 -0.49337604 -0.51199874 -0.50341342
9 4 "SITTING" -0.97957042 -0.97967763 -0.97957042 -0.97967763 -0.9900087 -0.98706289 -0.98339371 -0.98075847 -0.99055497 -0.98755473 -0.98259518 -0.97994561 -0.9859061 -0.9873753 -0.98436685 -0.9813404 -0.98808046 -0.98727389
9 5 "STANDING" -0.98193103 -0.9836767 -0.98193103 -0.9836767 -0.99303268 -0.99402339 -0.98316048 -0.98867856 -0.99564917 -0.99649773 -0.9858372 -0.98376102 -0.99182218 -0.9967497 -0.99162525 -0.98838365 -0.99624884 -0.99675986
9 6 "LAYING" -0.91495845 -0.90565725 -0.91495845 -0.90565725 -0.9430857 -0.9234923 -0.90589564 -0.84544701 -0.9426975 -0.91974382 -0.91137686 -0.9159873 -0.92563925 -0.91954387 -0.87082121 -0.85488322 -0.92982424 -0.91292243
10 1 "WALKING" -0.0533555 -0.11550186 -0.0533555 -0.11550186 -0.13289531 0.08937693 -0.14634081 -0.42099869 -0.42596158 -0.48752131 -0.13617189 -0.24143486 -0.027459171 0.21734872 -0.39421366 -0.54503679 -0.50390501 -0.50223929
10 2 "WALKING_UPSTAIRS" -0.11149511 -0.30465822 -0.11149511 -0.30465822 -0.34939609 -0.28672392 -0.083430887 -0.22655346 -0.5622463 -0.66210377 -0.28001007 -0.42639169 -0.21572004 -0.39404616 -0.31155089 -0.30112732 -0.64957486 -0.70358063
10 3 "WALKING_DOWNSTAIRS" 0.18335799 0.23366562 0.18335799 0.23366562 -0.038179301 0.093613142 -0.093984119 -0.47753115 -0.49796074 -0.58611125 0.22223097 0.047900683 0.065905254 0.12025752 -0.46917405 -0.57564322 -0.55712647 -0.65707592
10 4 "SITTING" -0.99352015 -0.99324411 -0.99352015 -0.99324411 -0.99288345 -0.99517703 -0.99414916 -0.99431174 -0.99638849 -0.99658871 -0.99334919 -0.99326 -0.99475976 -0.99395516 -0.99462506 -0.99488604 -0.99650258 -0.99658316
10 5 "STANDING" -0.98424157 -0.98908077 -0.98424157 -0.98908077 -0.99233496 -0.99505519 -0.98723913 -0.99103652 -0.99649808 -0.99728576 -0.99004114 -0.98909061 -0.99434426 -0.99496111 -0.99259494 -0.99123328 -0.99745544 -0.99682481
10 6 "LAYING" -0.98563539 -0.98551078 -0.98563539 -0.98551078 -0.98621357 -0.98962678 -0.97474107 -0.97229514 -0.97174058 -0.97315525 -0.9853324 -0.98683593 -0.98835187 -0.99031888 -0.96963531 -0.97940082 -0.97438466 -0.97298194
11 1 "WALKING" -0.32112751 -0.48878055 -0.32112751 -0.48878055 -0.40888289 -0.41632939 -0.41953234 -0.58274391 -0.60467669 -0.75457497 -0.44630673 -0.59341092 -0.43446065 -0.39731944 -0.61932895 -0.62901087 -0.75029088 -0.77766736
11 2 "WALKING_UPSTAIRS" -0.1904509 -0.27522916 -0.1904509 -0.27522916 -0.56079417 -0.51426268 -0.32195764 -0.34429427 -0.77825931 -0.78740485 -0.33376032 -0.35666162 -0.53501727 -0.49130096 -0.47531499 -0.37215522 -0.78162577 -0.81041925
11 3 "WALKING_DOWNSTAIRS" 0.12575117 0.062844369 0.12575117 0.062844369 -0.23068142 -0.17284225 -0.28473602 -0.48723601 -0.5604492 -0.68198742 0.1384137 -0.14758935 -0.14988452 -0.20861958 -0.50376562 -0.5642055 -0.66926936 -0.72213071
11 4 "SITTING" -0.95038069 -0.94415886 -0.95038069 -0.94415886 -0.95368865 -0.93718233 -0.95865651 -0.94979051 -0.96918652 -0.95683479 -0.94256211 -0.95267697 -0.94244835 -0.92927188 -0.95614901 -0.95380144 -0.96028277 -0.95503628
11 5 "STANDING" -0.98175514 -0.97539296 -0.98175514 -0.97539296 -0.9827049 -0.98038764 -0.97512311 -0.96027948 -0.98589843 -0.98423012 -0.97447139 -0.9787285 -0.98048862 -0.97870119 -0.96837813 -0.96150141 -0.98601416 -0.98260059
11 6 "LAYING" -0.99811152 -0.99888068 -0.99811152 -0.99888068 -0.99720971 -0.99820017 -0.99669833 -0.99812394 -0.99933325 -0.99968867 -0.99895553 -0.99824155 -0.99760433 -0.9978343 -0.99845923 -0.99801475 -0.9996932 -0.99936257
12 1 "WALKING" -0.010336061 -0.10589709 -0.010336061 -0.10589709 0.040054316 0.29144674 -0.37746943 -0.42035307 -0.44251226 -0.49965067 0.074070151 -0.36551581 0.29836872 0.289759 -0.42429707 -0.51831555 -0.5227744 -0.50514286
12 2 "WALKING_UPSTAIRS" -0.24764117 -0.26956455 -0.24764117 -0.26956455 -0.4355505 -0.31990723 -0.11383911 0.0042524987 -0.67805424 -0.68480801 -0.21165507 -0.41771684 -0.26683997 -0.38621078 -0.19822432 -0.037685126 -0.67565709 -0.71935629
12 3 "WALKING_DOWNSTAIRS" 0.1628967 0.082324491 0.1628967 0.082324491 -0.045260854 0.065142791 -0.19889365 -0.37178428 -0.43678177 -0.56148881 0.21321279 -0.1676974 0.088133236 0.036013104 -0.41190231 -0.45186206 -0.53707386 -0.62819432
12 4 "SITTING" -0.95113162 -0.96169173 -0.95113162 -0.96169173 -0.96019824 -0.95597493 -0.9609781 -0.9520442 -0.97154409 -0.96737937 -0.96008662 -0.96753804 -0.95559545 -0.95514821 -0.95225156 -0.96012867 -0.96544031 -0.97220735
12 5 "STANDING" -0.93835736 -0.93845746 -0.93835736 -0.93845746 -0.93371387 -0.92133304 -0.8340914 -0.78842998 -0.94060395 -0.94447037 -0.9317297 -0.95129325 -0.91387612 -0.93127775 -0.85253336 -0.78609222 -0.9471334 -0.94437592
12 6 "LAYING" -0.97753259 -0.98292421 -0.97753259 -0.98292421 -0.98594283 -0.98792293 -0.97664768 -0.96694267 -0.98447581 -0.98566351 -0.98293623 -0.98449817 -0.98723371 -0.98751723 -0.97411109 -0.96764193 -0.98459694 -0.98794498
13 1 "WALKING" -0.16284459 -0.34371104 -0.16284459 -0.34371104 -0.23520949 -0.015126428 0.21838911 0.52744187 -0.42100713 -0.49588469 -0.2161215 -0.53068808 -0.021587422 -0.013474393 0.058862666 0.54346046 -0.48519138 -0.54660644
13 2 "WALKING_UPSTAIRS" -0.037998534 -0.24986877 -0.037998534 -0.24986877 -0.3943788 -0.39980795 -0.22226673 -0.44031281 -0.64994425 -0.67448136 -0.29218977 -0.34331662 -0.3879303 -0.41470296 -0.52017397 -0.4826275 -0.67315619 -0.69923646
13 3 "WALKING_DOWNSTAIRS" 0.14058571 0.089619504 0.14058571 0.089619504 -0.039082538 0.081415272 -0.11978545 -0.23743647 -0.42392924 -0.47483938 0.15427696 -0.11817911 0.13303664 0.0039367852 -0.28819596 -0.33329076 -0.45945444 -0.53368431
13 4 "SITTING" -0.98285359 -0.98692196 -0.98285359 -0.98692196 -0.98863665 -0.98851849 -0.97969774 -0.98040977 -0.9904906 -0.99005645 -0.98603273 -0.98856596 -0.98811654 -0.98762482 -0.98249509 -0.98207156 -0.9896326 -0.99096812
13 5 "STANDING" -0.9794418 -0.98755062 -0.9794418 -0.98755062 -0.99454331 -0.99242452 -0.98624097 -0.99290863 -0.99605847 -0.99737893 -0.98778001 -0.98829096 -0.99164633 -0.99232581 -0.9940959 -0.99304633 -0.99719431 -0.99750333
13 6 "LAYING" -0.96339095 -0.93467609 -0.96339095 -0.93467609 -0.96490402 -0.93332339 -0.95231635 -0.88237181 -0.96874116 -0.94291705 -0.93380613 -0.94422711 -0.93168712 -0.93414026 -0.9073819 -0.8861718 -0.95225606 -0.93567694
14 1 "WALKING" -0.10919798 -0.35092174 -0.10919798 -0.35092174 -0.33884835 -0.36380226 -0.079007855 -0.15761933 -0.50864272 -0.54628062 -0.3647296 -0.44354852 -0.36946535 -0.36037404 -0.278472 -0.22104043 -0.5268781 -0.60644628
14 2 "WALKING_UPSTAIRS" 0.03113952 -0.11397391 0.03113952 -0.11397391 -0.39284383 -0.4295598 0.31702357 0.26534449 -0.4515025 -0.55014461 -0.23710631 -0.18958102 -0.41537879 -0.44979297 -0.034654301 0.23614825 -0.5371879 -0.60039582
14 3 "WALKING_DOWNSTAIRS" 0.25443025 0.61397378 0.25443025 0.61397378 0.11469962 0.41942562 0.149196 -0.061930719 -0.22878279 -0.27431177 0.63162397 0.35219308 0.33801709 0.50605747 -0.056539963 -0.23102454 -0.25394259 -0.35463867
14 4 "SITTING" -0.99178653 -0.9878556 -0.99178653 -0.9878556 -0.99174182 -0.98614742 -0.9961057 -0.99396522 -0.99831128 -0.99625975 -0.98817199 -0.98848469 -0.98749938 -0.98266285 -0.99497285 -0.99404933 -0.9968331 -0.99528195
14 5 "STANDING" -0.98035714 -0.9703386 -0.98035714 -0.9703386 -0.98816992 -0.98896635 -0.97386817 -0.96418104 -0.99091231 -0.99104242 -0.97736345 -0.96992761 -0.98878463 -0.98776386 -0.97510442 -0.96330941 -0.99204672 -0.98988569
14 6 "LAYING" -0.96037275 -0.93732776 -0.96037275 -0.93732776 -0.97209653 -0.95400598 -0.9526727 -0.88831483 -0.97376693 -0.95894081 -0.94629633 -0.94104611 -0.95845455 -0.94702828 -0.88930411 -0.90695139 -0.96132132 -0.9583286
15 1 "WALKING" -0.18185401 -0.28720395 -0.18185401 -0.28720395 -0.30214279 -0.26665201 -0.14111656 -0.33974118 -0.47624595 -0.56065557 -0.2832313 -0.39994022 -0.29081877 -0.23557837 -0.41929739 -0.3989084 -0.58754153 -0.5565079
15 2 "WALKING_UPSTAIRS" -0.017795085 -0.10783327 -0.017795085 -0.10783327 -0.2753343 -0.23478453 -0.14361273 -0.17443058 -0.64431026 -0.71668515 -0.099192953 -0.25113641 -0.19941977 -0.28747768 -0.38595428 -0.18533178 -0.68236223 -0.79147518
15 3 "WALKING_DOWNSTAIRS" 0.41738854 0.36072657 0.41738854 0.36072657 0.11933511 0.1152732 -0.12128101 -0.29014078 -0.43271355 -0.48155707 0.36968888 0.1436256 0.11059604 0.11415159 -0.31638086 -0.39434393 -0.48082004 -0.51917207
15 4 "SITTING" -0.99746602 -0.99722253 -0.99746602 -0.99722253 -0.99657756 -0.99817852 -0.99794011 -0.99774912 -0.99869254 -0.99929654 -0.99725797 -0.99679189 -0.99781659 -0.99754841 -0.99837963 -0.99745739 -0.99929988 -0.99899358
15 5 "STANDING" -0.98806153 -0.98665553 -0.98806153 -0.98665553 -0.99152262 -0.9952536 -0.99409265 -0.9937573 -0.99635127 -0.99760412 -0.98764053 -0.98701498 -0.99472361 -0.99480093 -0.99443157 -0.99412314 -0.99726835 -0.9980112
15 6 "LAYING" -0.93265333 -0.95112538 -0.93265333 -0.95112538 -0.96778361 -0.96158587 -0.94352996 -0.88575049 -0.97639316 -0.96483867 -0.95855859 -0.95347318 -0.95977186 -0.96279582 -0.90110693 -0.89470439 -0.96610098 -0.96515229
16 1 "WALKING" -0.32346958 -0.52738949 -0.32346958 -0.52738949 -0.38665944 -0.44267006 -0.48943724 -0.65916973 -0.6767843 -0.73181856 -0.42314084 -0.67177117 -0.38639727 -0.52614608 -0.66451737 -0.71468955 -0.70189531 -0.79786323
16 2 "WALKING_UPSTAIRS" -0.21880054 -0.27297861 -0.21880054 -0.27297861 -0.49980292 -0.50000353 -0.30355549 -0.60716897 -0.75043686 -0.80089681 -0.31936631 -0.36084094 -0.48128891 -0.52784316 -0.6701917 -0.63257877 -0.80270644 -0.81223196
16 3 "WALKING_DOWNSTAIRS" 0.35039163 0.32919746 0.35039163 0.32919746 -0.10861744 -0.083249552 -0.39594534 -0.51692493 -0.60056197 -0.6770934 0.3227089 0.12594691 -0.019317069 -0.17858739 -0.53652089 -0.58664205 -0.65258855 -0.73692156
16 4 "SITTING" -0.97959028 -0.93187563 -0.97959028 -0.93187563 -0.98015625 -0.96987835 -0.9829019 -0.93019978 -0.99030559 -0.95995434 -0.93622906 -0.93883876 -0.97180599 -0.96582273 -0.91644936 -0.95597157 -0.96435177 -0.95692229
16 5 "STANDING" -0.97408353 -0.91840179 -0.97408353 -0.91840179 -0.98530628 -0.96887035 -0.95830739 -0.87310381 -0.98905039 -0.97439147 -0.91016007 -0.93518287 -0.96873765 -0.96760007 -0.88065403 -0.88943346 -0.97629382 -0.97330965
16 6 "LAYING" -0.97039842 -0.96854519 -0.97039842 -0.96854519 -0.99055698 -0.99104559 -0.97657146 -0.96464129 -0.99101168 -0.98565624 -0.97756654 -0.96748459 -0.98901489 -0.99279903 -0.97157226 -0.96584962 -0.98604588 -0.98567125
17 1 "WALKING" -0.15196058 -0.43374622 -0.15196058 -0.43374622 -0.310048 -0.24260839 -0.27473953 -0.44470497 -0.53554899 -0.61372292 -0.40561726 -0.5378198 -0.28683184 -0.19363176 -0.4843351 -0.51253844 -0.61800402 -0.63521928
17 2 "WALKING_UPSTAIRS" -0.031446987 -0.002078559 -0.031446987 -0.002078559 -0.34987199 -0.38945768 -0.35796212 -0.50539896 -0.69536229 -0.76826574 -0.011929072 -0.15173071 -0.33451789 -0.47187665 -0.58858652 -0.53522852 -0.76520915 -0.78871579
17 3 "WALKING_DOWNSTAIRS" 0.2438267 0.25436175 0.2438267 0.25436175 -0.19980251 -0.15536523 -0.29692374 -0.43399573 -0.55234144 -0.67955878 0.045704573 0.16169069 -0.14390383 -0.17590657 -0.50704534 -0.4815524 -0.64847381 -0.74992072
17 4 "SITTING" -0.99172155 -0.98962433 -0.99172155 -0.98962433 -0.99671817 -0.99742621 -0.9953778 -0.99368797 -0.99865243 -0.99886133 -0.99106417 -0.98923568 -0.99757657 -0.99580401 -0.99628122 -0.99280621 -0.99881689 -0.99864971
17 5 "STANDING" -0.98351881 -0.9705054 -0.98351881 -0.9705054 -0.98698312 -0.96849639 -0.97753073 -0.97287807 -0.99282302 -0.98344705 -0.97175833 -0.97317777 -0.97045635 -0.96437141 -0.97153965 -0.97860942 -0.98669479 -0.98033186
17 6 "LAYING" -0.97853755 -0.96923682 -0.97853755 -0.96923682 -0.98541574 -0.97787482 -0.97726754 -0.96534459 -0.99112023 -0.97890834 -0.97354296 -0.97037116 -0.97952443 -0.97406878 -0.97066839 -0.96741574 -0.97955589 -0.97908793
18 1 "WALKING" -0.2413149 -0.41257922 -0.2413149 -0.41257922 -0.31266189 -0.40708 -0.5097635 -0.58443803 -0.62055871 -0.66925523 -0.30770694 -0.57246249 -0.40792585 -0.40948812 -0.55786252 -0.67919125 -0.65392903 -0.71176872
18 2 "WALKING_UPSTAIRS" -0.24355724 -0.32989038 -0.24355724 -0.32989038 -0.61622287 -0.57101275 -0.44681981 -0.61295645 -0.79092326 -0.82435945 -0.40824121 -0.39343299 -0.5679532 -0.57695261 -0.71129447 -0.6182169 -0.81258754 -0.85339552
18 3 "WALKING_DOWNSTAIRS" -0.2453675 -0.17793521 -0.2453675 -0.17793521 -0.45287123 -0.35373585 -0.51177055 -0.63369926 -0.73443447 -0.79854561 -0.24346059 -0.27094466 -0.40658389 -0.29178248 -0.70166443 -0.65202849 -0.7866913 -0.83010604
18 4 "SITTING" -0.9940186 -0.99547024 -0.9940186 -0.99547024 -0.99561358 -0.99769336 -0.99471846 -0.9944919 -0.99780261 -0.99871387 -0.99603301 -0.99483418 -0.99694425 -0.99782644 -0.99603775 -0.99410993 -0.99849909 -0.99885964
18 5 "STANDING" -0.98979382 -0.99129602 -0.98979382 -0.99129602 -0.99368736 -0.9945895 -0.99395118 -0.9949108 -0.99642067 -0.99756115 -0.99146893 -0.99153633 -0.99478053 -0.99284303 -0.99493896 -0.99563095 -0.99733797 -0.99770152
18 6 "LAYING" -0.97459681 -0.97894534 -0.97459681 -0.97894534 -0.98417161 -0.97871405 -0.98043224 -0.96769598 -0.99068373 -0.98562124 -0.97852723 -0.98140875 -0.97840871 -0.97748346 -0.9753787 -0.96798901 -0.9857103 -0.98602061
19 1 "WALKING" 0.08223313 -0.074262831 0.08223313 -0.074262831 0.21422559 0.16905313 0.20565411 -0.0014726344 0.0082046702 -0.1226677 0.092473372 -0.32787502 0.24296351 0.072271942 0.03353335 -0.20547753 -0.095971736 -0.21984446
19 2 "WALKING_UPSTAIRS" 0.007447603 -0.17656896 0.007447603 -0.17656896 -0.055678512 -0.28432528 0.023448358 -0.19854729 -0.32963894 -0.46701396 -0.056841015 -0.38073418 -0.18972484 -0.43221675 -0.26441221 -0.28934827 -0.43817562 -0.54584779
19 3 "WALKING_DOWNSTAIRS" 0.85845198 0.53847598 0.85845198 0.53847598 0.5224301 0.53805456 0.60948135 0.38063858 0.33335261 0.21773985 0.74508523 0.16823958 0.58787898 0.46077853 0.44486668 0.09135464 0.15556826 0.21282351
19 4 "SITTING" -0.93713307 -0.80987947 -0.93713307 -0.80987947 -0.98269406 -0.96542031 -0.91872673 -0.7594451 -0.98002771 -0.9552226 -0.85819138 -0.81549641 -0.96825882 -0.95995137 -0.80408215 -0.7713013 -0.96745975 -0.94500335
19 5 "STANDING" -0.90654201 -0.92660473 -0.90654201 -0.92660473 -0.9856776 -0.98876482 -0.85634852 -0.81535625 -0.98886539 -0.99146546 -0.95218087 -0.92489467 -0.9873815 -0.98963644 -0.90195476 -0.80110916 -0.99147721 -0.99164504
19 6 "LAYING" -0.98111369 -0.9792454 -0.98111369 -0.9792454 -0.99020705 -0.97464108 -0.97653962 -0.95918532 -0.98760529 -0.97332336 -0.97956201 -0.98115493 -0.97372203 -0.97454169 -0.96740207 -0.96050281 -0.97743142 -0.9698481
20 1 "WALKING" 0.087075909 -0.17514644 0.087075909 -0.17514644 0.01669835 0.034999894 0.062892316 0.0079433603 -0.10461126 -0.099275635 -0.019831644 -0.40613629 0.068000806 -0.015318916 0.051157074 -0.20504672 -0.17771046 -0.06585359
20 2 "WALKING_UPSTAIRS" 0.060646986 -0.11230713 0.060646986 -0.11230713 -0.19214226 -0.1629104 0.17166098 -0.13476307 -0.26662783 -0.40158703 -0.1794152 -0.21455078 -0.18316603 -0.14317465 -0.1742805 -0.25650129 -0.38214248 -0.47040246
20 3 "WALKING_DOWNSTAIRS" 0.045710657 -0.023176643 0.045710657 -0.023176643 -0.1829564 -0.11828663 -0.014545051 -0.17314182 -0.35925029 -0.27473649 -0.051749773 -0.15921696 -0.13821842 -0.099375525 -0.1929739 -0.30289834 -0.28853843 -0.30725864
20 4 "SITTING" -0.97586503 -0.97322837 -0.97586503 -0.97322837 -0.98646495 -0.97969274 -0.97274673 -0.94678449 -0.98773716 -0.9785639 -0.97254437 -0.97672242 -0.97996877 -0.97769551 -0.94892584 -0.95426111 -0.97948406 -0.97838475
20 5 "STANDING" -0.98011307 -0.9749408 -0.98011307 -0.9749408 -0.98975947 -0.99299852 -0.97816803 -0.97895799 -0.98936751 -0.99073771 -0.98010456 -0.97473828 -0.99174458 -0.99383912 -0.98245746 -0.97992142 -0.99065588 -0.99102834
20 6 "LAYING" -0.95918469 -0.9048555 -0.95918469 -0.9048555 -0.97713519 -0.97569206 -0.94427931 -0.87147682 -0.96613751 -0.95351017 -0.93336036 -0.90498903 -0.97453078 -0.97589795 -0.91507211 -0.86774741 -0.95743729 -0.95137783
21 1 "WALKING" -0.16059344 -0.40266691 -0.16059344 -0.40266691 -0.21713027 -0.19240774 -0.33909695 -0.52811156 -0.50966767 -0.55183009 -0.38760618 -0.50369584 -0.26934729 -0.1081286 -0.50797166 -0.62768459 -0.56423876 -0.56680056
21 2 "WALKING_UPSTAIRS" -0.093503892 -0.1797018 -0.093503892 -0.1797018 -0.29191899 -0.35106361 -0.11688101 -0.40156294 -0.5536373 -0.63817423 -0.13991048 -0.33032606 -0.28476422 -0.44701004 -0.44606134 -0.47347303 -0.6051757 -0.7124932
21 3 "WALKING_DOWNSTAIRS" 0.25820278 0.30900737 0.25820278 0.30900737 -0.030214917 0.18362116 -0.17412811 -0.31679662 -0.37611236 -0.28189885 0.30581328 0.1068268 0.1956522 0.16216901 -0.24736315 -0.49833823 -0.25921626 -0.36463643
21 4 "SITTING" -0.9817484 -0.98698881 -0.9817484 -0.98698881 -0.98722014 -0.98655254 -0.98181203 -0.96882809 -0.9921681 -0.99167076 -0.98469583 -0.98974808 -0.98386597 -0.98986888 -0.96912119 -0.97387312 -0.99146423 -0.99217128
21 5 "STANDING" -0.98815622 -0.98617805 -0.98815622 -0.98617805 -0.99012163 -0.99275775 -0.98440299 -0.97230191 -0.99162857 -0.98953382 -0.98841465 -0.98582639 -0.99209491 -0.99236575 -0.97932171 -0.97225387 -0.99069001 -0.98831628
21 6 "LAYING" -0.95798397 -0.95723908 -0.95798397 -0.95723908 -0.99484589 -0.99609382 -0.97145101 -0.97497818 -0.99461989 -0.99376137 -0.97834997 -0.95318287 -0.99537268 -0.99594106 -0.98263618 -0.97420644 -0.99370451 -0.99386196
22 1 "WALKING" 0.083554851 -0.17421896 0.083554851 -0.17421896 0.0603478 0.16949943 -0.22039597 -0.39408275 -0.46101167 -0.53108379 -0.0060482331 -0.4154099 0.13269245 0.2100198 -0.4342189 -0.47022995 -0.57521114 -0.50990875
22 2 "WALKING_UPSTAIRS" 0.1826769 -0.13840284 0.1826769 -0.13840284 -0.060487402 0.036143687 -0.18930342 -0.30440679 -0.5554815 -0.59957191 -0.036230967 -0.33373677 0.034579449 0.030761556 -0.41298162 -0.35069831 -0.62940847 -0.58753947
22 3 "WALKING_DOWNSTAIRS" 0.22589292 0.084715696 0.22589292 0.084715696 -0.10193861 -0.10307652 -0.20178416 -0.31804933 -0.46202789 -0.61275605 0.14950112 -0.12240283 -0.039572208 -0.19694737 -0.36385023 -0.40348146 -0.583132 -0.68364572
22 4 "SITTING" -0.92230856 -0.86125974 -0.92230856 -0.86125974 -0.97109557 -0.94736153 -0.88905526 -0.72287768 -0.97596914 -0.96055091 -0.89975904 -0.86356481 -0.94831091 -0.94466269 -0.76777544 -0.74039725 -0.9653227 -0.95703039
22 5 "STANDING" -0.94558618 -0.91316286 -0.94558618 -0.91316286 -0.98018943 -0.96393494 -0.93355146 -0.90765161 -0.98028562 -0.96761293 -0.91709131 -0.92328413 -0.96671882 -0.95882634 -0.93102134 -0.90858245 -0.97138319 -0.96479899
22 6 "LAYING" -0.96973689 -0.95214614 -0.96973689 -0.95214614 -0.96920549 -0.94876639 -0.97066853 -0.95492341 -0.98008009 -0.96408403 -0.95442442 -0.95709504 -0.9526761 -0.94243618 -0.962064 -0.95758476 -0.96786686 -0.96149295
23 1 "WALKING" -0.20925308 -0.25312743 -0.20925308 -0.25312743 -0.20344327 -0.15243562 -0.21123176 -0.14369519 -0.2067288 -0.065155683 -0.168625 -0.42137319 -0.22083288 -0.077941192 -0.16899915 -0.27438184 -0.16238147 -0.012921039
23 2 "WALKING_UPSTAIRS" -0.055324042 -0.26162684 -0.055324042 -0.26162684 -0.40458034 -0.49835388 -0.22802558 -0.57383921 -0.59433803 -0.60554328 -0.23435343 -0.3919378 -0.43955277 -0.58803916 -0.5213206 -0.69630312 -0.57115037 -0.68633098
23 3 "WALKING_DOWNSTAIRS" 0.057402257 0.14115913 0.057402257 0.14115913 0.10323514 0.233999 0.048181553 -0.17196982 -0.094044743 0.010547706 0.2551895 -0.10628013 0.24454412 0.21138282 -0.0018544634 -0.48829005 -0.011159515 -0.028968286
23 4 "SITTING" -0.95687142 -0.96124571 -0.95687142 -0.96124571 -0.98278513 -0.98427121 -0.95191395 -0.95078645 -0.98252106 -0.97783478 -0.96725821 -0.9627292 -0.98248012 -0.98507506 -0.96000203 -0.95286749 -0.97910653 -0.9772029
23 5 "STANDING" -0.97578469 -0.98344496 -0.97578469 -0.98344496 -0.98309382 -0.98671111 -0.9617239 -0.95331665 -0.98468689 -0.98654868 -0.98254882 -0.98558591 -0.98485782 -0.98839086 -0.96874795 -0.95177471 -0.98531959 -0.98907
23 6 "LAYING" -0.95292402 -0.94863689 -0.95292402 -0.94863689 -0.9736892 -0.9470279 -0.94240664 -0.90706447 -0.95844856 -0.91205559 -0.94379404 -0.95863162 -0.94506772 -0.9485187 -0.90760324 -0.92272853 -0.92242865 -0.90531138
24 1 "WALKING" -0.41069782 -0.47178042 -0.41069782 -0.47178042 -0.50240118 -0.52583795 -0.34757635 -0.22905987 -0.55959203 -0.59810559 -0.42871881 -0.57936135 -0.55130423 -0.49615599 -0.20957672 -0.38011745 -0.63153723 -0.5847424
24 2 "WALKING_UPSTAIRS" -0.22430899 -0.26248656 -0.22430899 -0.26248656 -0.46240428 -0.37106556 -0.4085228 -0.49395236 -0.66821397 -0.60834165 -0.2884126 -0.36259839 -0.36515778 -0.38238729 -0.51864001 -0.56394661 -0.61599108 -0.62520727
24 3 "WALKING_DOWNSTAIRS" -0.080551897 -0.027205391 -0.080551897 -0.027205391 -0.23773251 -0.10221411 -0.35778071 -0.33767372 -0.50167223 -0.43506659 0.0065549274 -0.19801413 -0.12682261 -0.076711152 -0.33129668 -0.45910266 -0.48911795 -0.40795291
24 4 "SITTING" -0.97858997 -0.98098654 -0.97858997 -0.98098654 -0.98526172 -0.98910126 -0.98732386 -0.99025436 -0.99296435 -0.99514626 -0.98032354 -0.98331491 -0.98715452 -0.99114802 -0.99096782 -0.99121506 -0.99461866 -0.99600401
24 5 "STANDING" -0.97114323 -0.97719325 -0.97114323 -0.97719325 -0.9862508 -0.98694446 -0.97718691 -0.97409361 -0.99413081 -0.99423142 -0.97762694 -0.97934961 -0.9849427 -0.98873516 -0.98329951 -0.9726893 -0.99405292 -0.99451572
24 6 "LAYING" -0.98342545 -0.9923642 -0.98342545 -0.9923642 -0.98861984 -0.99090612 -0.97959682 -0.97870913 -0.98821311 -0.988565 -0.99268415 -0.99234384 -0.99041621 -0.99023724 -0.97955935 -0.98159172 -0.98758867 -0.99028725
25 1 "WALKING" -0.43369801 -0.53160295 -0.43369801 -0.53160295 -0.58397464 -0.56332176 -0.41327085 -0.47223038 -0.69735846 -0.76783172 -0.51479956 -0.61356964 -0.57823085 -0.54665534 -0.51021287 -0.53650651 -0.77101147 -0.77940689
25 2 "WALKING_UPSTAIRS" -0.34869406 -0.47425709 -0.34869406 -0.47425709 -0.68289027 -0.67390774 -0.39353655 -0.48597774 -0.75622497 -0.81472014 -0.49760859 -0.54263275 -0.63044559 -0.73603947 -0.59087429 -0.50658029 -0.82158466 -0.81816315
25 3 "WALKING_DOWNSTAIRS" -0.15248435 -0.18364558 -0.15248435 -0.18364558 -0.50577571 -0.47903469 0.045880166 -0.14202214 -0.61077945 -0.60661767 -0.29511997 -0.25404277 -0.48804546 -0.47040628 -0.33430969 -0.1674639 -0.62502526 -0.61057335
25 4 "SITTING" -0.9919827 -0.99096715 -0.9919827 -0.99096715 -0.99009303 -0.99046 -0.9925651 -0.99191389 -0.99554358 -0.99652004 -0.98988118 -0.99223551 -0.98841365 -0.99278869 -0.99312446 -0.99219989 -0.99615085 -0.9970035
25 5 "STANDING" -0.98748236 -0.98883348 -0.98748236 -0.98883348 -0.989497 -0.99062129 -0.98571766 -0.98592026 -0.99508787 -0.99522135 -0.98699341 -0.9910027 -0.9895979 -0.99092403 -0.98908545 -0.98594156 -0.99498849 -0.9955342
25 6 "LAYING" -0.86786157 -0.87614833 -0.86786157 -0.87614833 -0.95670306 -0.95189582 -0.92388135 -0.88660086 -0.96339904 -0.97010466 -0.88448845 -0.88967249 -0.94722127 -0.9571412 -0.92226897 -0.88448614 -0.96869464 -0.97379817
26 1 "WALKING" -0.27120213 -0.5081394 -0.27120213 -0.5081394 -0.29720042 -0.31465954 -0.37114723 -0.45161395 -0.46956895 -0.5883587 -0.42526578 -0.63818102 -0.35454141 -0.26802322 -0.42908184 -0.56655337 -0.61038738 -0.58915723
26 2 "WALKING_UPSTAIRS" -0.11892348 -0.062004268 -0.11892348 -0.062004268 -0.3458468 -0.18778096 -0.3647731 -0.52217798 -0.60902568 -0.65620683 -0.035572816 -0.22285639 -0.12130038 -0.28521695 -0.57022774 -0.57090475 -0.6396539 -0.70352806
26 3 "WALKING_DOWNSTAIRS" 0.19240107 0.13211465 0.19240107 0.13211465 -0.07445717 -0.14455255 -0.12887226 -0.22590141 -0.30495291 -0.49279975 0.055139679 -0.0031567934 -0.19355668 -0.091302889 -0.24538733 -0.34667811 -0.47659109 -0.55134467
26 4 "SITTING" -0.98178493 -0.98434979 -0.98178493 -0.98434979 -0.989953 -0.98971029 -0.97828773 -0.98185272 -0.99306687 -0.99434519 -0.98668152 -0.98422615 -0.98891032 -0.98954551 -0.98425768 -0.98304527 -0.99388224 -0.9951156
26 5 "STANDING" -0.9910337 -0.98914503 -0.9910337 -0.98914503 -0.99464921 -0.99547331 -0.99082439 -0.99053938 -0.99572832 -0.9963679 -0.99070592 -0.9887503 -0.99546651 -0.994041 -0.9919875 -0.9909025 -0.99637391 -0.99622534
26 6 "LAYING" -0.98393322 -0.96296913 -0.98393322 -0.96296913 -0.97951481 -0.95158204 -0.9797385 -0.93906644 -0.98229038 -0.94336986 -0.96180351 -0.9683244 -0.95528585 -0.94545961 -0.94728339 -0.94364862 -0.95395626 -0.93485637
27 1 "WALKING" -0.29663164 -0.41028197 -0.29663164 -0.41028197 -0.23193657 -0.30803543 -0.38943464 -0.42561159 -0.51488836 -0.61277031 -0.30580202 -0.57019401 -0.25762137 -0.37882863 -0.44647886 -0.51035421 -0.59477673 -0.66523764
27 2 "WALKING_UPSTAIRS" -0.14108297 -0.36725698 -0.14108297 -0.36725698 -0.49439055 -0.58126627 -0.34392865 -0.65267214 -0.71813961 -0.74348526 -0.3806476 -0.45773754 -0.57786679 -0.58497965 -0.71275876 -0.67254265 -0.72844787 -0.78138336
27 3 "WALKING_DOWNSTAIRS" 0.047680725 -0.056526432 0.047680725 -0.056526432 -0.21649491 -0.19617688 -0.32110625 -0.5285343 -0.46527932 -0.50014069 -0.0855107 -0.18726843 -0.12962301 -0.29583199 -0.49913783 -0.63574237 -0.47771194 -0.56767001
27 4 "SITTING" -0.98639317 -0.98559979 -0.98639317 -0.98559979 -0.99357048 -0.99398002 -0.99128882 -0.99081446 -0.99671618 -0.99787763 -0.98699038 -0.9858592 -0.99353913 -0.9931152 -0.99246414 -0.99098854 -0.99761119 -0.99813973
27 5 "STANDING" -0.98971936 -0.98520566 -0.98971936 -0.98520566 -0.98904712 -0.99337152 -0.9892446 -0.99143116 -0.9929415 -0.99346296 -0.98666934 -0.98546557 -0.99296783 -0.99249662 -0.99177992 -0.9924796 -0.99331537 -0.99371241
27 6 "LAYING" -0.9883554 -0.98376014 -0.9883554 -0.98376014 -0.9912993 -0.99039683 -0.98543459 -0.98380083 -0.995166 -0.99229206 -0.98529426 -0.98419242 -0.98865007 -0.99211938 -0.98934535 -0.98283197 -0.99161594 -0.99351878
28 1 "WALKING" -0.18516875 -0.4407467 -0.18516875 -0.4407467 -0.29146903 -0.41015238 -0.32614245 -0.47141164 -0.53202185 -0.60915628 -0.38252806 -0.56307767 -0.42284482 -0.39778266 -0.53887497 -0.51632749 -0.61599379 -0.62760964
28 2 "WALKING_UPSTAIRS" -0.15273874 -0.20746677 -0.15273874 -0.20746677 -0.23557239 -0.23774259 -0.22774082 -0.45979189 -0.54165397 -0.64484145 -0.16885137 -0.35308168 -0.14389243 -0.37374895 -0.4884571 -0.53277519 -0.61341952 -0.71605234
28 3 "WALKING_DOWNSTAIRS" 0.4035962 0.3664047 0.4035962 0.3664047 0.2786742 0.14332392 0.24360071 -0.11122017 -0.038066836 -0.26363415 0.51046157 0.065038908 0.23012842 0.016743276 -0.050808557 -0.31879582 -0.21753455 -0.38258496
28 4 "SITTING" -0.97437528 -0.96284279 -0.97437528 -0.96284279 -0.9818465 -0.97538028 -0.96934354 -0.95426543 -0.9865462 -0.98027732 -0.96575718 -0.96575052 -0.97620416 -0.97274118 -0.96485004 -0.95502558 -0.98179149 -0.97920834
28 5 "STANDING" -0.97560567 -0.9692161 -0.97560567 -0.9692161 -0.98001696 -0.97515685 -0.95148314 -0.93895721 -0.98143738 -0.97805754 -0.97312516 -0.97057153 -0.97353951 -0.9761637 -0.94838848 -0.94280938 -0.97903108 -0.97786184
28 6 "LAYING" -0.88951202 -0.68560958 -0.88951202 -0.68560958 -0.93908445 -0.86346707 -0.87648563 -0.68726277 -0.92546839 -0.84458936 -0.77527492 -0.6926575 -0.88781241 -0.83581898 -0.74875804 -0.70084565 -0.8982632 -0.80324644
29 1 "WALKING" -0.1700971 -0.35023748 -0.1700971 -0.35023748 -0.32132643 -0.22425962 -0.31919804 -0.3148426 -0.49160044 -0.54047593 -0.32684514 -0.46439502 -0.21512829 -0.24015737 -0.39559692 -0.37739515 -0.55457083 -0.55415811
29 2 "WALKING_UPSTAIRS" -0.10466074 -0.11050537 -0.10466074 -0.11050537 -0.38457142 -0.28904585 -0.04184177 -0.17620456 -0.63828624 -0.75940822 -0.12385501 -0.24120873 -0.24515537 -0.35360781 -0.44545134 -0.15997933 -0.73725833 -0.8106033
29 3 "WALKING_DOWNSTAIRS" 0.083007322 0.091897471 0.083007322 0.091897471 -0.20804426 -0.075666878 -0.28462149 -0.54487522 -0.5960837 -0.65028838 0.10655427 -0.086365758 -0.05542333 -0.10837264 -0.54911777 -0.62136842 -0.63563085 -0.69564463
29 4 "SITTING" -0.99068345 -0.99100338 -0.99068345 -0.99100338 -0.99411312 -0.99534825 -0.99144947 -0.98988393 -0.99678292 -0.99629157 -0.9911563 -0.9912903 -0.99487722 -0.9948037 -0.99250856 -0.98958609 -0.99635189 -0.99606717
29 5 "STANDING" -0.98910006 -0.99165983 -0.98910006 -0.99165983 -0.99447057 -0.99492351 -0.99450088 -0.99553282 -0.99701191 -0.99823299 -0.99255605 -0.9913243 -0.99378732 -0.99560269 -0.9956867 -0.99602397 -0.99797018 -0.9984036
29 6 "LAYING" -0.99740665 -0.99887266 -0.99740665 -0.99887266 -0.99514614 -0.99809081 -0.99720653 -0.99884179 -0.99747774 -0.99860443 -0.99837135 -0.99880545 -0.99773898 -0.99746124 -0.99864722 -0.99915826 -0.99840959 -0.99868525
30 1 "WALKING" -0.15565408 -0.324218 -0.15565408 -0.324218 -0.2699941 -0.33255369 0.00026783319 -0.25940009 -0.41449497 -0.49591452 -0.29999626 -0.44298041 -0.27601763 -0.40965146 -0.34619392 -0.32737484 -0.50945062 -0.51331188
30 2 "WALKING_UPSTAIRS" -0.049089815 -0.22915736 -0.049089815 -0.22915736 -0.47577824 -0.31327197 -0.10037282 -0.09570471 -0.67162453 -0.71987129 -0.24003809 -0.34267039 -0.33798951 -0.28722743 -0.33078029 -0.10600212 -0.71558821 -0.74512041
30 3 "WALKING_DOWNSTAIRS" 0.13889578 0.27934552 0.13889578 0.27934552 -0.10875724 0.26565147 0.037077691 -0.27314349 -0.48112076 -0.50644401 0.40945598 0.00053475414 0.30575598 0.20268456 -0.31802119 -0.3668616 -0.51678142 -0.52757318
30 4 "SITTING" -0.99313645 -0.99155212 -0.99313645 -0.99155212 -0.99426126 -0.99651141 -0.99187195 -0.99087985 -0.99655743 -0.99628713 -0.99158152 -0.99182769 -0.99602264 -0.99597243 -0.99306542 -0.99069154 -0.99627191 -0.99618297
30 5 "STANDING" -0.88005402 -0.87348658 -0.88005402 -0.87348658 -0.91142109 -0.82688332 -0.78736756 -0.75588673 -0.92186488 -0.87021843 -0.8664139 -0.89636364 -0.84790906 -0.80233231 -0.81259071 -0.76169307 -0.87510998 -0.87237589
30 6 "LAYING" -0.99428088 -0.99316157 -0.99428088 -0.99316157 -0.99258144 -0.99416018 -0.99361471 -0.99503545 -0.99876561 -0.9993211 -0.99303329 -0.99337143 -0.99312329 -0.99464339 -0.9966161 -0.99453919 -0.99940092 -0.99886168
